# Define the coordinates
latitude = 60.187730
longitude = 24.966695